0.000000000000000000e+00
1.000400000000000074e-02
2.001700000000000007e-02
3.003700000000000120e-02
4.006599999999999745e-02
5.010400000000000270e-02
6.014900000000000108e-02
7.020400000000000251e-02
8.026600000000000401e-02
9.033700000000000063e-02
1.004160000000000053e-01
1.105030000000000040e-01
1.205989999999999979e-01
1.307039999999999869e-01
1.408169999999999977e-01
1.509379999999999888e-01
1.610669999999999880e-01
1.712059999999999971e-01
1.813520000000000132e-01
1.915070000000000106e-01
2.016709999999999892e-01
2.118430000000000035e-01
2.220229999999999981e-01
2.322120000000000017e-01
2.424099999999999866e-01
2.526160000000000072e-01
2.628309999999999813e-01
2.730540000000000189e-01
2.832859999999999823e-01
2.935260000000000091e-01
3.037750000000000172e-01
3.140319999999999778e-01
3.242990000000000039e-01
3.345730000000000093e-01
3.448570000000000246e-01
3.551489999999999925e-01
3.654490000000000238e-01
3.757590000000000097e-01
3.860770000000000035e-01
3.964039999999999786e-01
4.067390000000000172e-01
4.170829999999999815e-01
4.274359999999999826e-01
4.377980000000000205e-01
4.481680000000000108e-01
4.585469999999999824e-01
4.689349999999999907e-01
4.793319999999999803e-01
4.897369999999999779e-01
5.001510000000000122e-01
5.105739999999999723e-01
5.210059999999999691e-01
5.314470000000000027e-01
5.418960000000000443e-01
5.523550000000000404e-01
5.628220000000000445e-01
5.732979999999999743e-01
5.837830000000000519e-01
5.942770000000000552e-01
6.047799999999999843e-01
6.152919999999999501e-01
6.258120000000000349e-01
6.363419999999999632e-01
6.468810000000000393e-01
6.574280000000000124e-01
6.679850000000000509e-01
6.785499999999999865e-01
6.891249999999999876e-01
6.997079999999999966e-01
7.103009999999999602e-01
7.209029999999999605e-01
7.315129999999999688e-01
7.421330000000000426e-01
7.527620000000000422e-01
7.633999999999999675e-01
7.740470000000000406e-01
7.847030000000000394e-01
7.953679999999999639e-01
8.060420000000000362e-01
8.167259999999999520e-01
8.274179999999999868e-01
8.381199999999999761e-01
8.488310000000000022e-01
8.595509999999999540e-01
8.702800000000000535e-01
8.810189999999999966e-01
8.917669999999999764e-01
9.025239999999999929e-01
9.132900000000000462e-01
9.240660000000000540e-01
9.348499999999999588e-01
9.456449999999999578e-01
9.564479999999999649e-01
9.672610000000000374e-01
9.780830000000000357e-01
9.889139999999999597e-01
9.997549999999999493e-01
1.010604999999999976e+00
1.021463999999999928e+00
1.032332999999999945e+00
1.043211000000000110e+00
1.054098999999999897e+00
1.064996000000000054e+00
1.075901999999999914e+00
1.086818000000000062e+00
1.097744000000000053e+00
1.108678000000000052e+00
1.119623000000000035e+00
1.130576000000000025e+00
1.141539999999999999e+00
1.152511999999999981e+00
1.163494999999999946e+00
1.174487000000000059e+00
1.185488000000000097e+00
1.196498999999999979e+00
1.207519999999999927e+00
1.218550000000000022e+00
1.229589999999999961e+00
1.240639000000000047e+00
1.251697999999999977e+00
1.262766999999999973e+00
1.273844999999999894e+00
1.284933000000000103e+00
1.296030999999999933e+00
1.307137999999999911e+00
1.318254999999999955e+00
1.329382000000000064e+00
1.340518000000000098e+00
1.351663999999999977e+00
1.362819999999999920e+00
1.373985999999999930e+00
1.385162000000000004e+00
1.396347000000000005e+00
1.407542000000000071e+00
1.418746999999999980e+00
1.429961999999999955e+00
1.441186000000000078e+00
1.452420999999999962e+00
1.463664999999999994e+00
1.474920000000000009e+00
1.486183999999999950e+00
1.497457999999999956e+00
1.508742000000000028e+00
1.520035999999999943e+00
1.531339000000000006e+00
1.542653000000000052e+00
1.553976999999999942e+00
1.565310999999999897e+00
1.576654999999999918e+00
1.588008000000000086e+00
1.599372000000000016e+00
1.610746000000000011e+00
1.622130000000000072e+00
1.633523999999999976e+00
1.644927999999999946e+00
1.656341999999999981e+00
1.667766999999999999e+00
1.679200999999999944e+00
1.690646000000000093e+00
1.702099999999999946e+00
1.713565000000000005e+00
1.725039999999999907e+00
1.736525000000000096e+00
1.748021000000000047e+00
1.759525999999999923e+00
1.771042000000000005e+00
1.782567999999999930e+00
1.794105000000000061e+00
1.805650999999999895e+00
1.817207999999999934e+00
1.828775999999999957e+00
1.840352999999999906e+00
1.851941000000000059e+00
1.863539000000000057e+00
1.875148000000000037e+00
1.886767000000000083e+00
1.898395999999999972e+00
1.910036000000000067e+00
1.921686000000000005e+00
1.933346000000000009e+00
1.945016999999999996e+00
1.956698999999999966e+00
1.968391000000000002e+00
1.980093000000000103e+00
1.991805999999999965e+00
2.003528999999999893e+00
2.015263000000000027e+00
2.027007999999999921e+00
2.038762999999999881e+00
2.050527999999999906e+00
2.062304999999999833e+00
2.074091000000000129e+00
2.085888999999999882e+00
2.097697000000000145e+00
2.109515000000000029e+00
2.121344000000000118e+00
2.133183999999999969e+00
2.145035000000000025e+00
2.156896000000000146e+00
2.168768000000000029e+00
2.180651000000000117e+00
2.192544999999999966e+00
2.204448999999999881e+00
2.216364000000000001e+00
2.228289000000000186e+00
2.240225999999999829e+00
2.252172999999999981e+00
2.264132000000000033e+00
2.276101000000000152e+00
2.288081000000000031e+00
2.300070999999999977e+00
2.312072999999999823e+00
2.324085999999999874e+00
2.336108999999999991e+00
2.348142999999999869e+00
2.360189000000000092e+00
2.372244999999999937e+00
2.384311999999999987e+00
2.396390999999999938e+00
2.408479999999999954e+00
2.420580000000000176e+00
2.432691000000000159e+00
2.444814000000000043e+00
2.456946999999999992e+00
2.469091999999999842e+00
2.481247000000000202e+00
2.493414000000000019e+00
2.505592000000000041e+00
2.517780999999999825e+00
2.529980999999999813e+00
2.542192000000000007e+00
2.554415000000000102e+00
2.566648999999999958e+00
2.578894000000000020e+00
2.591149999999999842e+00
2.603416999999999870e+00
2.615695999999999799e+00
2.627985999999999933e+00
2.640286999999999829e+00
2.652600000000000069e+00
2.664922999999999931e+00
2.677258999999999833e+00
2.689604999999999801e+00
2.701963000000000115e+00
2.714332000000000189e+00
2.726713000000000164e+00
2.739104999999999901e+00
2.751508999999999983e+00
2.763923999999999825e+00
2.776351000000000013e+00
2.788788999999999962e+00
2.801238000000000117e+00
2.813699000000000172e+00
2.826172000000000128e+00
2.838655999999999846e+00
2.851151000000000213e+00
2.863659000000000177e+00
2.876177000000000206e+00
2.888707999999999831e+00
2.901250000000000107e+00
2.913803999999999839e+00
2.926369000000000220e+00
2.938946000000000058e+00
2.951534999999999798e+00
2.964135000000000186e+00
2.976747000000000032e+00
2.989370999999999778e+00
3.002006999999999870e+00
3.014654000000000167e+00
3.027314000000000060e+00
3.039985000000000159e+00
3.052668000000000159e+00
3.065361999999999920e+00
3.078069000000000166e+00
3.090787000000000173e+00
3.103518000000000221e+00
3.116260000000000030e+00
3.129014000000000184e+00
3.141779999999999795e+00
3.154558000000000195e+00
3.167348000000000052e+00
3.180149999999999810e+00
3.192965000000000053e+00
3.205791000000000057e+00
3.218628999999999962e+00
3.231479000000000212e+00
3.244340999999999919e+00
3.257214999999999971e+00
3.270102000000000064e+00
3.283001000000000058e+00
3.295910999999999813e+00
3.308834000000000053e+00
3.321769000000000194e+00
3.334715999999999791e+00
3.347675999999999874e+00
3.360647999999999858e+00
3.373632000000000186e+00
3.386627999999999972e+00
3.399636000000000102e+00
3.412656999999999829e+00
3.425689999999999902e+00
3.438736000000000015e+00
3.451792999999999889e+00
3.464863999999999944e+00
3.477946000000000204e+00
3.491041000000000061e+00
3.504148999999999958e+00
3.517268000000000061e+00
3.530400999999999900e+00
3.543544999999999945e+00
3.556703000000000170e+00
3.569872000000000156e+00
3.583054999999999879e+00
3.596249999999999947e+00
3.609456999999999915e+00
3.622676999999999925e+00
3.635909999999999975e+00
3.649154999999999927e+00
3.662412999999999919e+00
3.675682999999999812e+00
3.688966000000000189e+00
3.702262000000000164e+00
3.715571000000000179e+00
3.728892000000000095e+00
3.742226000000000052e+00
3.755573000000000050e+00
3.768933000000000089e+00
3.782305000000000028e+00
3.795690000000000008e+00
3.809088000000000029e+00
3.822499000000000091e+00
3.835923000000000194e+00
3.849359999999999893e+00
3.862808999999999937e+00
3.876272000000000162e+00
3.889746999999999844e+00
3.903236000000000150e+00
3.916736999999999913e+00
3.930251999999999857e+00
3.943779000000000146e+00
3.957320000000000171e+00
3.970873000000000097e+00
3.984440000000000204e+00
3.998019999999999907e+00
4.011612999999999651e+00
4.025218999999999880e+00
4.038838000000000150e+00
4.052469999999999573e+00
4.066116000000000064e+00
4.079773999999999567e+00
4.093446000000000140e+00
4.107132000000000005e+00
4.120829999999999771e+00
4.134541999999999717e+00
4.148266999999999705e+00
4.162004999999999733e+00
4.175756999999999941e+00
4.189522000000000190e+00
4.203300999999999732e+00
4.217093000000000202e+00
4.230897999999999826e+00
4.244716999999999629e+00
4.258549999999999613e+00
4.272395000000000387e+00
4.286254999999999704e+00
4.300126999999999811e+00
4.314014000000000237e+00
4.327913999999999817e+00
4.341827000000000325e+00
4.355754000000000126e+00
4.369695000000000107e+00
4.383650000000000269e+00
4.397617999999999583e+00
4.411598999999999826e+00
4.425595000000000390e+00
4.439604000000000106e+00
4.453627000000000002e+00
4.467664000000000080e+00
4.481714000000000198e+00
4.495778999999999748e+00
4.509857000000000227e+00
4.523948999999999998e+00
4.538053999999999810e+00
4.552173999999999943e+00
4.566308000000000256e+00
4.580454999999999721e+00
4.594617000000000395e+00
4.608792000000000222e+00
4.622982000000000369e+00
4.637184999999999668e+00
4.651403000000000176e+00
4.665634999999999977e+00
4.679879999999999818e+00
4.694139999999999979e+00
4.708414000000000321e+00
4.722701999999999956e+00
4.737003999999999770e+00
4.751319999999999766e+00
4.765651000000000082e+00
4.779995999999999690e+00
4.794355000000000366e+00
4.808728000000000335e+00
4.823115999999999737e+00
4.837517000000000067e+00
4.851933999999999969e+00
4.866363999999999912e+00
4.880809000000000175e+00
4.895267999999999731e+00
4.909741999999999607e+00
4.924229999999999663e+00
4.938733000000000040e+00
4.953249999999999709e+00
4.967781999999999698e+00
4.982327999999999868e+00
4.996889000000000358e+00
5.011464000000000141e+00
5.026054000000000244e+00
5.040657999999999639e+00
5.055277000000000243e+00
5.069911000000000278e+00
5.084558999999999607e+00
5.099222000000000143e+00
5.113900000000000112e+00
5.128593000000000401e+00
5.143299999999999983e+00
5.158021999999999885e+00
5.172759000000000107e+00
5.187510999999999761e+00
5.202276999999999596e+00
5.217058999999999891e+00
5.231855000000000366e+00
5.246667000000000414e+00
5.261492999999999753e+00
5.276334000000000302e+00
5.291190000000000282e+00
5.306061999999999834e+00
5.320947999999999567e+00
5.335848999999999620e+00
5.350766000000000133e+00
5.365696999999999939e+00
5.380644000000000204e+00
5.395604999999999762e+00
5.410581999999999780e+00
5.425575000000000259e+00
5.440582000000000029e+00
5.455604000000000120e+00
5.470641999999999783e+00
5.485695999999999906e+00
5.500764000000000209e+00
5.515848000000000084e+00
5.530947000000000280e+00
5.546062000000000047e+00
5.561190999999999995e+00
5.576336999999999655e+00
5.591497999999999635e+00
5.606673999999999936e+00
5.621865999999999808e+00
5.637073000000000000e+00
5.652295999999999765e+00
5.667533999999999850e+00
5.682788999999999646e+00
5.698057999999999623e+00
5.713343000000000060e+00
5.728644000000000069e+00
5.743960999999999650e+00
5.759293999999999691e+00
5.774642000000000053e+00
5.790005999999999986e+00
5.805385000000000240e+00
5.820781000000000205e+00
5.836191999999999602e+00
5.851619000000000348e+00
5.867061999999999777e+00
5.882520999999999667e+00
5.897996000000000016e+00
5.913486999999999938e+00
5.928994000000000320e+00
5.944517000000000273e+00
5.960055999999999798e+00
5.975610999999999784e+00
5.991182000000000230e+00
6.006769000000000247e+00
6.022371999999999836e+00
6.037992000000000026e+00
6.053626999999999647e+00
6.069278999999999868e+00
6.084946999999999662e+00
6.100632000000000055e+00
6.116331999999999880e+00
6.132049000000000305e+00
6.147782000000000302e+00
6.163532000000000011e+00
6.179298000000000179e+00
6.195081000000000060e+00
6.210879000000000261e+00
6.226695000000000313e+00
6.242526999999999937e+00
6.258375000000000021e+00
6.274239999999999817e+00
6.290121000000000073e+00
6.306019000000000041e+00
6.321933999999999720e+00
6.337864999999999860e+00
6.353812999999999711e+00
6.369778000000000162e+00
6.385759000000000185e+00
6.401758000000000060e+00
6.417773000000000394e+00
6.433804000000000300e+00
6.449853000000000058e+00
6.465918000000000276e+00
6.482001000000000346e+00
6.498099999999999987e+00
6.514216000000000228e+00
6.530349000000000181e+00
6.546498999999999846e+00
6.562666000000000111e+00
6.578850000000000087e+00
6.595051999999999914e+00
6.611270000000000202e+00
6.627505000000000202e+00
6.643758000000000052e+00
6.660027999999999615e+00
6.676314999999999777e+00
6.692618999999999652e+00
6.708940000000000126e+00
6.725278999999999563e+00
6.741634999999999600e+00
6.758009000000000377e+00
6.774398999999999837e+00
6.790808000000000177e+00
6.807233000000000089e+00
6.823675999999999853e+00
6.840137000000000356e+00
6.856614999999999682e+00
6.873110999999999748e+00
6.889624000000000414e+00
6.906153999999999904e+00
6.922703000000000273e+00
6.939269000000000354e+00
6.955853000000000286e+00
6.972453999999999930e+00
6.989073000000000313e+00
7.005709999999999660e+00
7.022364999999999746e+00
7.039037000000000432e+00
7.055728000000000222e+00
7.072435999999999723e+00
7.089161999999999964e+00
7.105906000000000056e+00
7.122667999999999999e+00
7.139447999999999794e+00
7.156246000000000329e+00
7.173061999999999827e+00
7.189897000000000205e+00
7.206749000000000294e+00
7.223619000000000234e+00
7.240508000000000166e+00
7.257414999999999949e+00
7.274339999999999584e+00
7.291282999999999959e+00
7.308245000000000324e+00
7.325224999999999653e+00
7.342222999999999722e+00
7.359238999999999642e+00
7.376274000000000441e+00
7.393328000000000344e+00
7.410400000000000098e+00
7.427489999999999704e+00
7.444599000000000188e+00
7.461726999999999776e+00
7.478873000000000104e+00
7.496037000000000283e+00
7.513220999999999705e+00
7.530422999999999867e+00
7.547642999999999880e+00
7.564883000000000024e+00
7.582141000000000020e+00
7.599418000000000006e+00
7.616713999999999984e+00
7.634028999999999954e+00
7.651361999999999775e+00
7.668714999999999726e+00
7.686086000000000418e+00
7.703477000000000352e+00
7.720886000000000138e+00
7.738313999999999915e+00
7.755761999999999823e+00
7.773228999999999722e+00
7.790714999999999613e+00
7.808220000000000383e+00
7.825744000000000256e+00
7.843287000000000120e+00
7.860850000000000115e+00
7.878432000000000102e+00
7.896033000000000079e+00
7.913654000000000188e+00
7.931294000000000288e+00
7.948953000000000380e+00
7.966631999999999714e+00
7.984331000000000067e+00
8.002048999999999523e+00
8.019785999999999859e+00
8.037542999999999438e+00
8.055320000000000036e+00
8.073116999999999877e+00
8.090932999999999709e+00
8.108767999999999532e+00
8.126623999999999626e+00
8.144498999999999711e+00
8.162394000000000815e+00
8.180308999999999386e+00
8.198244000000000753e+00
8.216198999999999586e+00
8.234173999999999438e+00
8.252167999999999282e+00
8.270182999999999396e+00
8.288218000000000529e+00
8.306272999999999129e+00
8.324348000000000525e+00
8.342442999999999387e+00
8.360557999999999268e+00
8.378693999999999420e+00
8.396848999999999563e+00
8.415024999999999977e+00
8.433222000000000662e+00
8.451437999999999562e+00
8.469675999999999760e+00
8.487932999999999950e+00
8.506211000000000411e+00
8.524509000000000114e+00
8.542828000000000088e+00
8.561168000000000333e+00
8.579527999999999821e+00
8.597908999999999580e+00
8.616310000000000358e+00
8.634731999999999630e+00
8.653174999999999173e+00
8.671639000000000763e+00
8.690122999999999820e+00
8.708629000000000175e+00
8.727154999999999774e+00
8.745701999999999643e+00
8.764269999999999783e+00
8.782859000000000194e+00
8.801469000000000875e+00
8.820100000000000051e+00
8.838751999999999498e+00
8.857424999999999216e+00
8.876118999999999204e+00
8.894835000000000491e+00
8.913572000000000273e+00
8.932330000000000325e+00
8.951109000000000648e+00
8.969910000000000494e+00
8.988732000000000610e+00
9.007574999999999221e+00
9.026439999999999131e+00
9.045327000000000339e+00
9.064235000000000042e+00
9.083164000000000016e+00
9.102114999999999512e+00
9.121088000000000306e+00
9.140081999999999596e+00
9.159098000000000184e+00
9.178136000000000294e+00
9.197195999999999927e+00
9.216276999999999830e+00
9.235379999999999256e+00
9.254505999999999233e+00
9.273652999999999480e+00
9.292821999999999250e+00
9.312013000000000318e+00
9.331225999999999132e+00
9.350460999999999245e+00
9.369718999999999909e+00
9.388998000000000843e+00
9.408300000000000551e+00
9.427623999999999782e+00
9.446970000000000312e+00
9.466338000000000363e+00
9.485728999999999189e+00
9.505141999999999314e+00
9.524577999999999989e+00
9.544036000000000186e+00
9.563516999999999157e+00
9.583019999999999428e+00
9.602546000000000248e+00
9.622094000000000591e+00
9.641664999999999708e+00
9.661258999999999375e+00
9.680875000000000341e+00
9.700514999999999333e+00
9.720176999999999623e+00
9.739862000000000464e+00
9.759570000000000078e+00
9.779299999999999216e+00
9.799053999999999931e+00
9.818830999999999420e+00
9.838630999999999460e+00
9.858454000000000050e+00
9.878299999999999415e+00
9.898168999999999329e+00
9.918060999999999794e+00
9.937977000000000061e+00
9.957916000000000878e+00
9.977878999999999721e+00
9.997864999999999114e+00
1.001787400000000083e+01
1.003790599999999955e+01
1.005796300000000087e+01
1.007804199999999994e+01
1.009814599999999984e+01
1.011827300000000029e+01
1.013842299999999952e+01
1.015859799999999957e+01
1.017879600000000018e+01
1.019901800000000058e+01
1.021926400000000079e+01
1.023953299999999977e+01
1.025982699999999959e+01
1.028014399999999995e+01
1.030048599999999936e+01
1.032085200000000036e+01
1.034124100000000013e+01
1.036165500000000073e+01
1.038209299999999935e+01
1.040255499999999955e+01
1.042304200000000058e+01
1.044355299999999964e+01
1.046408800000000028e+01
1.048464799999999997e+01
1.050523199999999946e+01
1.052584000000000053e+01
1.054647300000000065e+01
1.056713099999999983e+01
1.058781300000000059e+01
1.060852000000000039e+01
1.062925199999999926e+01
1.065000799999999970e+01
1.067078899999999919e+01
1.069159499999999952e+01
1.071242600000000067e+01
1.073328200000000088e+01
1.075416300000000014e+01
1.077506900000000023e+01
1.079599999999999937e+01
1.081695599999999935e+01
1.083793700000000015e+01
1.085894300000000001e+01
1.087997499999999995e+01
1.090103200000000072e+01
1.092211400000000054e+01
1.094322200000000045e+01
1.096435499999999941e+01
1.098551299999999920e+01
1.100669700000000084e+01
1.102790700000000079e+01
1.104914199999999980e+01
1.107040300000000066e+01
1.109168900000000058e+01
1.111300199999999982e+01
1.113433999999999990e+01
1.115570400000000006e+01
1.117709400000000031e+01
1.119851000000000063e+01
1.121995100000000001e+01
1.124141900000000049e+01
1.126291299999999929e+01
1.128443299999999994e+01
1.130597900000000067e+01
1.132755200000000073e+01
1.134914999999999985e+01
1.137077500000000008e+01
1.139242699999999964e+01
1.141410499999999928e+01
1.143580900000000078e+01
1.145753999999999984e+01
1.147929700000000075e+01
1.150108099999999922e+01
1.152289200000000058e+01
1.154472900000000024e+01
1.156659299999999924e+01
1.158848399999999934e+01
1.161040200000000056e+01
1.163234600000000007e+01
1.165431799999999996e+01
1.167631699999999917e+01
1.169834200000000024e+01
1.172039499999999990e+01
1.174247500000000066e+01
1.176458200000000076e+01
1.178671699999999944e+01
1.180887799999999999e+01
1.183106699999999911e+01
1.185328400000000038e+01
1.187552799999999920e+01
1.189779899999999913e+01
1.192009799999999942e+01
1.194242500000000007e+01
1.196477900000000005e+01
1.198716100000000040e+01
1.200957099999999933e+01
1.203200799999999937e+01
1.205447400000000080e+01
1.207696699999999979e+01
1.209948799999999913e+01
1.212203799999999987e+01
1.214461499999999994e+01
1.216722099999999962e+01
1.218985400000000041e+01
1.221251600000000082e+01
1.223520700000000083e+01
1.225792500000000018e+01
1.228067199999999914e+01
1.230344799999999950e+01
1.232625200000000021e+01
1.234908399999999951e+01
1.237194500000000019e+01
1.239483500000000049e+01
1.241775400000000040e+01
1.244070100000000068e+01
1.246367700000000056e+01
1.248668200000000006e+01
1.250971599999999917e+01
1.253277899999999967e+01
1.255587099999999978e+01
1.257899199999999951e+01
1.260214200000000062e+01
1.262532099999999957e+01
1.264852999999999916e+01
1.267176800000000014e+01
1.269503500000000074e+01
1.271833200000000019e+01
1.274165799999999926e+01
1.276501400000000075e+01
1.278839900000000007e+01
1.281181400000000004e+01
1.283525900000000064e+01
1.285873400000000011e+01
1.288223799999999919e+01
1.290577200000000069e+01
1.292933599999999927e+01
1.295293099999999953e+01
1.297655499999999940e+01
1.300020899999999990e+01
1.302389400000000030e+01
1.304760800000000032e+01
1.307135300000000022e+01
1.309512900000000002e+01
1.311893500000000046e+01
1.314277099999999976e+01
1.316663699999999970e+01
1.319053500000000057e+01
1.321446300000000029e+01
1.323842100000000066e+01
1.326241100000000017e+01
1.328643100000000032e+01
1.331048200000000037e+01
1.333456400000000031e+01
1.335867700000000013e+01
1.338282099999999986e+01
1.340699599999999947e+01
1.343120200000000075e+01
1.345543999999999940e+01
1.347970899999999972e+01
1.350400899999999993e+01
1.352834000000000003e+01
1.355270299999999928e+01
1.357709799999999944e+01
1.360152399999999950e+01
1.362598200000000048e+01
1.365047099999999958e+01
1.367499300000000062e+01
1.369954599999999978e+01
1.372413099999999986e+01
1.374874800000000086e+01
1.377339699999999922e+01
1.379807800000000029e+01
1.382279199999999975e+01
1.384753700000000087e+01
1.387231500000000040e+01
1.389712500000000084e+01
1.392196799999999968e+01
1.394684299999999944e+01
1.397175000000000011e+01
1.399668999999999919e+01
1.402166300000000021e+01
1.404666899999999963e+01
1.407170699999999997e+01
1.409677800000000047e+01
1.412188199999999938e+01
1.414701999999999948e+01
1.417219000000000051e+01
1.419739299999999993e+01
1.422262899999999952e+01
1.424789900000000031e+01
1.427320199999999950e+01
1.429853800000000064e+01
1.432390799999999942e+01
1.434931100000000015e+01
1.437474800000000030e+01
1.440021899999999988e+01
1.442572299999999963e+01
1.445126100000000058e+01
1.447683299999999917e+01
1.450243900000000075e+01
1.452807899999999997e+01
1.455375199999999936e+01
1.457945999999999920e+01
1.460520200000000024e+01
1.463097899999999996e+01
1.465678899999999985e+01
1.468263400000000019e+01
1.470851399999999920e+01
1.473442799999999941e+01
1.476037600000000083e+01
1.478636000000000017e+01
1.481237800000000071e+01
1.483843099999999993e+01
1.486451800000000034e+01
1.489064100000000046e+01
1.491679899999999925e+01
1.494299099999999925e+01
1.496921900000000072e+01
1.499548200000000087e+01
1.502178100000000072e+01
1.504811399999999999e+01
1.507448399999999999e+01
1.510088799999999942e+01
1.512732899999999958e+01
1.515380399999999916e+01
1.518031599999999948e+01
1.520686399999999949e+01
1.523344699999999996e+01
1.526006600000000013e+01
1.528672100000000000e+01
1.531341300000000061e+01
1.534013999999999989e+01
1.536690399999999990e+01
1.539370399999999961e+01
1.542054100000000005e+01
1.544741400000000020e+01
1.547432300000000005e+01
1.550126900000000063e+01
1.552825200000000017e+01
1.555527099999999940e+01
1.558232800000000040e+01
1.560942099999999932e+01
1.563655100000000076e+01
1.566371799999999936e+01
1.569092299999999973e+01
1.571816399999999980e+01
1.574544299999999986e+01
1.577275999999999989e+01
1.580011299999999963e+01
1.582750399999999935e+01
1.585493300000000083e+01
1.588240000000000052e+01
1.590990399999999916e+01
1.593744599999999956e+01
1.596502599999999994e+01
1.599264400000000030e+01
1.602029999999999887e+01
1.604799399999999920e+01
1.607572700000000054e+01
1.610349700000000084e+01
1.613130599999999859e+01
1.615915400000000091e+01
1.618703999999999965e+01
1.621496399999999838e+01
1.624292799999999914e+01
1.627092999999999989e+01
1.629897100000000165e+01
1.632705100000000087e+01
1.635517000000000110e+01
1.638332799999999878e+01
1.641152500000000103e+01
1.643976200000000176e+01
1.646803799999999995e+01
1.649635299999999916e+01
1.652470800000000040e+01
1.655310199999999909e+01
1.658153599999999983e+01
1.661000999999999905e+01
1.663852400000000031e+01
1.666707699999999903e+01
1.669567100000000082e+01
1.672430500000000109e+01
1.675297799999999881e+01
1.678169300000000064e+01
1.681044699999999992e+01
1.683924199999999871e+01
1.686807800000000057e+01
1.689695400000000092e+01
1.692586999999999975e+01
1.695482799999999912e+01
1.698382600000000053e+01
1.701286599999999893e+01
1.704194599999999937e+01
1.707106800000000035e+01
1.710023100000000085e+01
1.712943500000000085e+01
1.715868000000000038e+01
1.718796700000000044e+01
1.721729500000000002e+01
1.724666600000000116e+01
1.727607799999999827e+01
1.730553099999999844e+01
1.733502700000000019e+01
1.736456499999999892e+01
1.739414400000000072e+01
1.742376600000000053e+01
1.745343000000000089e+01
1.748313699999999926e+01
1.751288600000000173e+01
1.754267799999999866e+01
1.757251199999999969e+01
1.760238899999999873e+01
1.763230899999999934e+01
1.766227100000000050e+01
1.769227700000000070e+01
1.772232599999999891e+01
1.775241799999999870e+01
1.778255300000000005e+01
1.781273200000000045e+01
1.784295399999999887e+01
1.787321999999999989e+01
1.790352999999999994e+01
1.793388300000000157e+01
1.796427999999999869e+01
1.799472099999999841e+01
1.802520600000000073e+01
1.805573499999999854e+01
1.808630799999999894e+01
1.811692599999999942e+01
1.814758799999999894e+01
1.817829499999999854e+01
1.820904700000000176e+01
1.823984300000000047e+01
1.827068299999999823e+01
1.830156900000000064e+01
1.833249999999999957e+01
1.836347599999999858e+01
1.839449700000000121e+01
1.842556400000000139e+01
1.845667600000000164e+01
1.848783299999999841e+01
1.851903599999999983e+01
1.855028499999999880e+01
1.858157900000000140e+01
1.861291999999999902e+01
1.864430600000000027e+01
1.867573900000000009e+01
1.870721699999999998e+01
1.873874299999999948e+01
1.877031399999999906e+01
1.880193200000000076e+01
1.883359700000000103e+01
1.886530799999999886e+01
1.889706699999999984e+01
1.892887199999999837e+01
1.896072399999999902e+01
1.899262299999999826e+01
1.902457000000000065e+01
1.905656400000000161e+01
1.908860500000000116e+01
1.912069400000000030e+01
1.915283099999999905e+01
1.918501499999999993e+01
1.921724800000000144e+01
1.924952800000000153e+01
1.928185699999999869e+01
1.931423300000000154e+01
1.934665800000000146e+01
1.937913199999999847e+01
1.941165300000000116e+01
1.944422399999999840e+01
1.947684299999999880e+01
1.950951099999999983e+01
1.954222899999999896e+01
1.957499500000000126e+01
1.960781000000000063e+01
1.964067500000000166e+01
1.967358899999999977e+01
1.970655299999999954e+01
1.973956599999999995e+01
1.977262899999999846e+01
1.980574199999999863e+01
1.983890500000000046e+01
1.987211800000000039e+01
1.990538099999999844e+01
1.993869400000000169e+01
1.997205800000000053e+01
2.000547299999999851e+01
2.003893800000000169e+01
2.007245400000000046e+01
2.010602000000000089e+01
2.013963800000000148e+01
2.017330700000000121e+01
2.020702700000000007e+01
2.024079899999999910e+01
2.027462200000000081e+01
2.030849600000000166e+01
2.034242199999999912e+01
2.037640000000000029e+01
2.041043099999999910e+01
2.044451300000000060e+01
2.047864699999999871e+01
2.051283300000000054e+01
2.054707200000000000e+01
2.058136400000000066e+01
2.061570800000000148e+01
2.065010499999999993e+01
2.068455499999999958e+01
2.071905800000000042e+01
2.075361399999999890e+01
2.078822399999999959e+01
2.082288600000000045e+01
2.085760300000000100e+01
2.089237299999999919e+01
2.092719599999999858e+01
2.096207400000000121e+01
2.099700599999999895e+01
2.103199100000000143e+01
2.106703100000000006e+01
2.110212599999999838e+01
2.113727499999999893e+01
2.117247800000000169e+01
2.120773700000000161e+01
2.124305000000000021e+01
2.127841899999999953e+01
2.131384200000000106e+01
2.134932099999999977e+01
2.138485500000000172e+01
2.142044500000000085e+01
2.145609100000000069e+01
2.149179200000000023e+01
2.152754900000000049e+01
2.156336299999999895e+01
2.159923200000000065e+01
2.163515800000000056e+01
2.167114099999999866e+01
2.170718000000000103e+01
2.174327500000000057e+01
2.177942799999999934e+01
2.181563799999999986e+01
2.185190400000000110e+01
2.188822800000000157e+01
2.192461000000000126e+01
2.196104899999999915e+01
2.199754599999999982e+01
2.203409999999999869e+01
2.207071300000000136e+01
2.210738299999999867e+01
2.214411199999999980e+01
2.218090000000000117e+01
2.221774500000000074e+01
2.225465000000000160e+01
2.229161300000000168e+01
2.232863499999999846e+01
2.236571700000000007e+01
2.240285700000000091e+01
2.244005699999999948e+01
2.247731599999999830e+01
2.251463499999999840e+01
2.255201399999999978e+01
2.258945299999999889e+01
2.262695199999999929e+01
2.266451100000000096e+01
2.270213100000000139e+01
2.273980999999999852e+01
2.277755099999999899e+01
2.281535300000000177e+01
2.285321499999999872e+01
2.289113899999999902e+01
2.292912300000000059e+01
2.296716999999999942e+01
2.300527699999999953e+01
2.304344700000000046e+01
2.308167800000000014e+01
2.311997099999999961e+01
2.315832699999999988e+01
2.319674499999999995e+01
2.323522499999999980e+01
2.327376800000000046e+01
2.331237300000000090e+01
2.335104199999999963e+01
2.338977300000000170e+01
2.342856799999999851e+01
2.346742599999999968e+01
2.350634799999999913e+01
2.354533299999999940e+01
2.358438299999999899e+01
2.362349599999999938e+01
2.366267300000000162e+01
2.370191499999999962e+01
2.374122099999999946e+01
2.378059199999999862e+01
2.382002800000000065e+01
2.385952800000000096e+01
2.389909400000000161e+01
2.393872500000000159e+01
2.397842100000000087e+01
2.401818300000000050e+01
2.405801100000000048e+01
2.409790500000000080e+01
2.413786500000000146e+01
2.417789099999999891e+01
2.421798300000000026e+01
2.425814199999999943e+01
2.429836799999999997e+01
2.433866099999999832e+01
2.437902100000000161e+01
2.441944799999999915e+01
2.445994299999999910e+01
2.450050500000000042e+01
2.454113399999999956e+01
2.458183199999999857e+01
2.462259799999999998e+01
2.466343200000000024e+01
2.470433500000000038e+01
2.474530599999999936e+01
2.478634600000000177e+01
2.482745500000000050e+01
2.486863299999999910e+01
2.490988099999999861e+01
2.495119800000000154e+01
2.499258400000000080e+01
2.503404099999999843e+01
2.507556699999999950e+01
2.511716399999999894e+01
2.515883099999999928e+01
2.520056800000000052e+01
2.524237700000000117e+01
2.528425599999999918e+01
2.532620599999999911e+01
2.536822799999999845e+01
2.541032099999999971e+01
2.545248499999999936e+01
2.549472199999999944e+01
2.553703000000000145e+01
2.557941100000000034e+01
2.562186399999999864e+01
2.566439000000000092e+01
2.570698799999999906e+01
2.574965900000000119e+01
2.579240300000000019e+01
2.583522100000000066e+01
2.587811200000000156e+01
2.592107700000000037e+01
2.596411600000000064e+01
2.600722899999999882e+01
2.605041599999999846e+01
2.609367699999999957e+01
2.613701299999999961e+01
2.618042399999999859e+01
2.622391000000000005e+01
2.626747100000000046e+01
2.631110800000000083e+01
2.635482000000000014e+01
2.639860799999999941e+01
2.644247199999999864e+01
2.648641299999999887e+01
2.653042900000000159e+01
2.657452200000000175e+01
2.661869199999999935e+01
2.666293999999999897e+01
2.670726399999999856e+01
2.675166499999999914e+01
2.679614499999999921e+01
2.684070200000000028e+01
2.688533699999999982e+01
2.693005000000000138e+01
2.697484199999999888e+01
2.701971199999999840e+01
2.706466199999999844e+01
2.710969000000000051e+01
2.715479799999999955e+01
2.719998500000000163e+01
2.724525099999999966e+01
2.729059799999999925e+01
2.733602499999999935e+01
2.738153199999999998e+01
2.742711900000000114e+01
2.747278800000000132e+01
2.751853699999999847e+01
2.756436700000000073e+01
2.761027899999999846e+01
2.765627200000000130e+01
2.770234800000000064e+01
2.774850500000000153e+01
2.779474400000000145e+01
2.784106699999999890e+01
2.788747100000000145e+01
2.793395900000000154e+01
2.798053000000000168e+01
2.802718399999999832e+01
2.807392199999999960e+01
2.812074300000000093e+01
2.816764900000000083e+01
2.821463899999999825e+01
2.826171300000000031e+01
2.830887200000000092e+01
2.835611600000000010e+01
2.840344599999999886e+01
2.845085999999999871e+01
2.849836099999999917e+01
2.854594700000000174e+01
2.859361900000000034e+01
2.864137799999999956e+01
2.868922299999999836e+01
2.873715500000000134e+01
2.878517400000000137e+01
2.883327999999999847e+01
2.888147400000000076e+01
2.892975600000000114e+01
2.897812599999999961e+01
2.902658399999999972e+01
2.907513000000000147e+01
2.912376499999999879e+01
2.917248899999999878e+01
2.922130299999999892e+01
2.927020600000000172e+01
2.931919800000000009e+01
2.936828099999999964e+01
2.941745299999999830e+01
2.946671699999999916e+01
2.951607100000000017e+01
2.956551500000000132e+01
2.961505100000000112e+01
2.966467899999999958e+01
2.971439799999999920e+01
2.976420900000000103e+01
2.981411299999999898e+01
2.986410899999999913e+01
2.991419700000000148e+01
2.996437900000000099e+01
3.001465400000000017e+01
3.006502199999999903e+01
3.011548399999999859e+01
3.016604099999999988e+01
3.021669100000000086e+01
3.026743600000000001e+01
3.031827600000000089e+01
3.036921099999999996e+01
3.042024199999999823e+01
3.047136799999999823e+01
3.052258899999999997e+01
3.057390799999999942e+01
3.062532200000000060e+01
3.067683299999999846e+01
3.072844200000000114e+01
3.078014699999999948e+01
3.083194999999999908e+01
3.088385099999999994e+01
3.093584999999999852e+01
3.098794699999999835e+01
3.104014300000000048e+01
3.109243800000000135e+01
3.114483200000000096e+01
3.119732600000000033e+01
3.124991899999999845e+01
3.130261300000000091e+01
3.135540599999999856e+01
3.140830100000000158e+01
3.146129600000000082e+01
3.151439299999999832e+01
3.156759100000000018e+01
3.162089100000000030e+01
3.167429200000000122e+01
3.172779699999999892e+01
3.178140399999999843e+01
3.183511400000000080e+01
3.188892699999999891e+01
3.194284400000000090e+01
3.199686399999999864e+01
3.205098900000000128e+01
3.210521899999999818e+01
3.215955300000000250e+01
3.221399199999999752e+01
3.226853599999999744e+01
3.232318599999999975e+01
3.237794300000000192e+01
3.243280500000000188e+01
3.248777400000000171e+01
3.254285000000000139e+01
3.259803300000000092e+01
3.265332399999999780e+01
3.270872299999999910e+01
3.276422999999999774e+01
3.281984500000000082e+01
3.287556899999999871e+01
3.293140300000000309e+01
3.298734499999999770e+01
3.304339800000000338e+01
3.309955999999999676e+01
3.315583300000000122e+01
3.321221700000000254e+01
3.326871200000000073e+01
3.332531800000000288e+01
3.338203599999999938e+01
3.343886599999999731e+01
3.349580900000000128e+01
3.355286399999999958e+01
3.361003199999999680e+01
3.366731399999999752e+01
3.372471000000000174e+01
3.378221899999999778e+01
3.383984300000000189e+01
3.389758199999999988e+01
3.395543500000000137e+01
3.401340499999999878e+01
3.407148999999999717e+01
3.412969100000000111e+01
3.418800900000000098e+01
3.424644299999999930e+01
3.430499499999999813e+01
3.436366399999999999e+01
3.442245100000000235e+01
3.448135700000000270e+01
3.454038099999999645e+01
3.459952400000000239e+01
3.465878599999999921e+01
3.471816799999999859e+01
3.477767000000000053e+01
3.483729300000000251e+01
3.489703599999999994e+01
3.495690100000000200e+01
3.501688699999999699e+01
3.507699499999999659e+01
3.513722500000000082e+01
3.519757800000000003e+01
3.525805400000000134e+01
3.531865299999999763e+01
3.537937600000000060e+01
3.544022300000000314e+01
3.550119500000000272e+01
3.556229100000000187e+01
3.562351300000000265e+01
3.568486099999999794e+01
3.574633399999999739e+01
3.580793500000000051e+01
3.586966100000000068e+01
3.593151600000000201e+01
3.599349800000000243e+01
3.605560700000000196e+01
3.611784600000000012e+01
3.618021300000000195e+01
3.624270899999999784e+01
3.630533499999999947e+01
3.636809099999999972e+01
3.643097800000000319e+01
3.649399499999999819e+01
3.655714400000000097e+01
3.662042399999999986e+01
3.668383599999999944e+01
3.674738099999999719e+01
3.681105900000000020e+01
3.687487000000000137e+01
3.693881499999999818e+01
3.700289399999999773e+01
3.706710700000000003e+01
3.713145600000000002e+01
3.719594000000000023e+01
3.726055999999999813e+01
3.732531600000000083e+01
3.739020899999999870e+01
3.745523899999999884e+01
3.752040699999999873e+01
3.758571200000000090e+01
3.765115699999999777e+01
3.771674000000000149e+01
3.778246200000000243e+01
3.784832399999999808e+01
3.791432700000000011e+01
3.798046999999999684e+01
3.804675399999999996e+01
3.811317999999999984e+01
3.817974799999999647e+01
3.824645900000000154e+01
3.831331300000000084e+01
3.838030899999999690e+01
3.844745000000000346e+01
3.851473500000000172e+01
3.858216500000000337e+01
3.864974099999999879e+01
3.871746199999999760e+01
3.878532899999999728e+01
3.885334300000000241e+01
3.892150399999999877e+01
3.898981299999999806e+01
3.905827000000000027e+01
3.912687600000000288e+01
3.919563000000000130e+01
3.926453500000000219e+01
3.933358900000000347e+01
3.940279400000000010e+01
3.947214999999999918e+01
3.954165799999999820e+01
3.961131699999999967e+01
3.968112899999999854e+01
3.975109499999999940e+01
3.982121399999999767e+01
3.989148600000000044e+01
3.996191400000000016e+01
4.003249600000000186e+01
4.010323499999999797e+01
4.017412900000000064e+01
4.024517999999999773e+01
4.031638800000000344e+01
4.038775400000000104e+01
4.045927799999999763e+01
4.053096000000000032e+01
4.060280199999999695e+01
4.067480400000000174e+01
4.074696600000000046e+01
4.081928899999999771e+01
4.089177300000000059e+01
4.096441999999999695e+01
4.103722799999999893e+01
4.111019999999999897e+01
4.118333499999999958e+01
4.125663500000000283e+01
4.133009899999999703e+01
4.140372800000000097e+01
4.147752400000000250e+01
4.155148499999999956e+01
4.162561399999999878e+01
4.169990899999999812e+01
4.177437299999999709e+01
4.184900600000000281e+01
4.192380800000000107e+01
4.199877899999999897e+01
4.207392099999999857e+01
4.214923399999999987e+01
4.222471800000000286e+01
4.230037500000000250e+01
4.237620400000000132e+01
4.245220599999999678e+01
4.252838299999999805e+01
4.260473300000000307e+01
4.268125899999999717e+01
4.275796100000000166e+01
4.283483799999999775e+01
4.291189299999999918e+01
4.298912500000000136e+01
4.306653599999999926e+01
4.314412500000000250e+01
4.322189300000000145e+01
4.329984100000000069e+01
4.337796999999999770e+01
4.345628099999999705e+01
4.353477300000000128e+01
4.361344700000000074e+01
4.369230499999999751e+01
4.377134600000000120e+01
4.385057199999999966e+01
4.392998300000000000e+01
4.400957999999999970e+01
4.408936299999999875e+01
4.416933300000000173e+01
4.424949000000000154e+01
4.432983600000000024e+01
4.441037099999999782e+01
4.449109599999999887e+01
4.457201100000000338e+01
4.465311700000000172e+01
4.473441499999999849e+01
4.481590500000000077e+01
4.489758799999999894e+01
4.497946499999999759e+01
4.506153700000000129e+01
4.514380299999999835e+01
4.522626499999999794e+01
4.530892399999999753e+01
4.539177999999999713e+01
4.547483400000000131e+01
4.555808700000000044e+01
4.564153900000000164e+01
4.572519100000000236e+01
4.580904400000000010e+01
4.589309800000000195e+01
4.597735500000000286e+01
4.606181399999999826e+01
4.614647699999999730e+01
4.623134499999999747e+01
4.631641799999999876e+01
4.640169699999999864e+01
4.648718300000000170e+01
4.657287600000000083e+01
4.665877700000000061e+01
4.674488699999999852e+01
4.683120699999999914e+01
4.691773700000000247e+01
4.700447900000000345e+01
4.709143199999999752e+01
4.717859899999999840e+01
4.726597900000000152e+01
4.735357299999999725e+01
4.744138199999999728e+01
4.752940799999999655e+01
4.761764999999999759e+01
4.770611000000000246e+01
4.779478799999999694e+01
4.788368499999999983e+01
4.797280299999999897e+01
4.806214099999999689e+01
4.815170100000000275e+01
4.824148300000000233e+01
4.833148800000000023e+01
4.842171799999999848e+01
4.851217199999999963e+01
4.860285300000000319e+01
4.869375999999999749e+01
4.878489400000000131e+01
4.887625700000000251e+01
4.896784900000000107e+01
4.905967100000000158e+01
4.915172400000000152e+01
4.924400899999999837e+01
4.933652599999999921e+01
4.942927699999999902e+01
4.952226300000000236e+01
4.961548400000000214e+01
4.970894100000000293e+01
4.980263500000000221e+01
4.989656800000000203e+01
4.999073899999999782e+01
5.008514999999999873e+01
5.017980200000000224e+01
5.027469500000000124e+01
5.036983200000000238e+01
5.046521099999999649e+01
5.056083600000000189e+01
5.065670500000000231e+01
5.075282099999999730e+01
5.084918499999999852e+01
5.094579600000000141e+01
5.104265699999999839e+01
5.113976900000000114e+01
5.123713099999999798e+01
5.133474499999999807e+01
5.143261300000000347e+01
5.153073499999999996e+01
5.162911199999999923e+01
5.172774499999999875e+01
5.182663500000000312e+01
5.192578300000000269e+01
5.202519099999999952e+01
5.212485800000000324e+01
5.222478699999999918e+01
5.232497800000000154e+01
5.242543200000000070e+01
5.252615099999999870e+01
5.262713500000000266e+01
5.272838500000000295e+01
5.282990300000000161e+01
5.293168899999999866e+01
5.303374399999999866e+01
5.313607100000000116e+01
