0.0
0.012023695922192356
0.024047391844384713
0.03607108776657707
0.048094783688769426
0.060118479610961784
0.07214217553315413
0.0841658714553465
0.09618956737753885
0.1082132632997312
0.12023695922192357
0.13226065514411592
0.14428435106630827
0.15630804698850062
0.168331742910693
0.18035543883288535
0.1923791347550777
0.20440283067727005
0.2164265265994624
0.22845022252165478
0.24047391844384713
0.25249761436603946
0.26452131028823184
0.2765450062104242
0.28856870213261654
0.3005923980548089
0.31261609397700124
0.3246397898991936
0.336663485821386
0.3486871817435783
0.3607108776657707
0.372734573587963
0.3847582695101554
0.3967819654323478
0.4088056613545401
0.4208293572767325
0.4328530531989248
0.4448767491211172
0.45690044504330957
0.4689241409655019
0.48094783688769427
0.4929715328098866
0.5049952287320789
0.5170189246542714
0.5290426205764637
0.541066316498656
0.5530900124208484
0.5651137083430408
0.5771374042652331
0.5891611001874255
0.6011847961096178
0.6132084920318102
0.6252321879540025
0.6372558838761949
0.6492795797983872
0.6613032757205796
0.673326971642772
0.6853506675649643
0.6973743634871566
0.7093980594093491
0.7214217553315414
0.7334454512537337
0.745469147175926
0.7574928430981185
0.7695165390203108
0.7815402349425031
0.7935639308646956
0.8055876267868879
0.8176113227090802
0.8296350186312725
0.841658714553465
0.8536824104756573
0.8657061063978496
0.877729802320042
0.8897534982422344
0.9017771941644267
0.9138008900866191
0.9258245860088115
0.9378482819310038
0.9498719778531961
0.9618956737753885
0.9739193696975809
0.9859430656197733
0.9979667615419656
1.009990457464158
1.0220141533863503
1.0340378493085427
1.0460615452307351
1.0580852411529273
1.0701089370751198
1.0821326329973122
1.0941563289195044
1.1061800248416969
1.1182037207638893
1.1302274166860815
1.142251112608274
1.1542748085304662
1.1662985044526586
1.178322200374851
1.1903458962970435
1.2023695922192357
1.214393288141428
1.2264169840636203
1.2384406799858128
1.2504643759080052
1.2624880718301976
1.2745117677523898
1.2865354636745823
1.2985591595967745
1.310582855518967
1.3226065514411594
1.3346302473633516
1.346653943285544
1.3586776392077364
1.3707013351299286
1.382725031052121
1.3947487269743135
1.4067724228965057
1.4187961188186982
1.4308198147408904
1.4428435106630828
1.4547438833670805
1.4666442560710782
1.4785446287750759
1.4904450014790733
1.502345374183071
1.5142457468870687
1.5261461195910664
1.538046492295064
1.5499468649990618
1.5618472377030592
1.573747610407057
1.5856479831110546
1.5975483558150523
1.60944872851905
1.6213491012230477
1.6332494739270453
1.6451498466310428
1.6570502193350405
1.6689505920390382
1.6808509647430359
1.6927513374470335
1.704651710151031
1.7165520828550287
1.7284524555590264
1.740352828263024
1.7522532009670218
1.7641535736710194
1.7760539463750171
1.7879543190790148
1.7998546917830123
1.81175506448701
1.8236554371910076
1.8355558098950053
1.847456182599003
1.8593565553030005
1.8712569280069982
1.8831573007109959
1.8950576734149935
1.9069580461189912
1.918858418822989
1.9307587915269866
1.9426591642309843
1.954559536934982
1.9664599096389794
1.9783602823429771
1.9902606550469748
2.0021610277509723
2.01406140045497
2.0259617731589676
2.0378621458629653
2.049762518566963
2.0616628912709607
2.0735632639749584
2.085463636678956
2.0973640093829538
2.109264382086951
2.121164754790949
2.1330651274949464
2.1449655001989445
2.1568658729029417
2.1687662456069394
2.180666618310937
2.192566991014935
2.2044673637189325
2.21636773642293
2.228268109126928
2.2401684818309255
2.2520688545349232
2.2639692272389205
2.2758695999429186
2.2878284604438313
2.2997873209447444
2.311746181445657
2.3237050419465697
2.335663902447483
2.3476227629483954
2.359581623449308
2.371540483950221
2.383499344451134
2.3954582049520465
2.407417065452959
2.4193759259538723
2.431334786454785
2.4432936469556976
2.4552525074566107
2.4672113679575234
2.479170228458436
2.491129088959349
2.503087949460262
2.5150468099611745
2.5270056704620876
2.5389645309630002
2.550923391463913
2.562882251964826
2.5748411124657387
2.5867999729666513
2.5987588334675644
2.610717693968477
2.6226765544693897
2.634635414970303
2.6465942754712155
2.658553135972128
2.6705119964730413
2.682470856973954
2.6944297174748666
2.7063885779757793
2.7183474384766924
2.730306298977605
2.7422651594785177
2.754224019979431
2.7661828804803434
2.778141740981256
2.7901006014821688
2.802059461983082
2.8140183224839945
2.825977182984907
2.8379360434858203
2.849894903986733
2.8618537644876456
2.8738126249885587
2.8857714854894714
2.897730345990384
2.909689206491297
2.92164806699221
2.9336069274931225
2.9455657879940356
2.9575246484949482
2.969483508995861
2.981442369496774
2.9934012299976867
3.0053600904985993
3.0173189509995124
3.029277811500425
3.0412366720013377
3.053195532502251
3.0651543930031635
3.077113253504076
3.0890721140049893
3.101030974505902
3.1129898350068146
3.1249486955077277
3.136823950739523
3.1486992059713175
3.1605744612031126
3.1724497164349073
3.1843249716667024
3.196200226898497
3.208075482130292
3.2199507373620873
3.231825992593882
3.243701247825677
3.2555765030574717
3.267451758289267
3.2793270135210615
3.2912022687528566
3.3030775239846513
3.3149527792164464
3.3268280344482415
3.338703289680036
3.3505785449118313
3.362453800143626
3.374329055375421
3.3862043106072157
3.398079565839011
3.409954821070806
3.4218300763026006
3.4337053315343957
3.4455805867661904
3.4574558419979855
3.46933109722978
3.4812063524615753
3.4930816076933704
3.504956862925165
3.51683211815696
3.528707373388755
3.54058262862055
3.5524578838523446
3.5643331390841397
3.576208394315935
3.5880836495477295
3.5999589047795246
3.6118341600113193
3.6237094152431144
3.635584670474909
3.647459925706704
3.6593351809384993
3.671210436170294
3.6830856914020886
3.6949609466338837
3.706836201865679
3.7187114570974735
3.7305867123292686
3.7424619675610638
3.7543372227928584
3.766212478024653
3.778087733256448
3.7899629884882433
3.801838243720038
3.813713498951833
3.825588754183628
3.837464009415423
3.8493392646472175
3.8612145198790127
3.8730897751108078
3.8849650303426024
3.8968402855743975
3.9087155408061927
3.9205907960379873
3.932466051269782
3.944341306501577
3.956216561733372
3.968091816965167
3.979967072196962
3.9918423274287567
4.003717582660552
4.0155928378923464
4.027468093124142
4.039343348355937
4.051218603587731
4.063093858819526
4.074969114051322
4.086844369283116
4.098868065205308
4.110891761127501
4.122915457049693
4.134939152971886
4.146962848894078
4.15898654481627
4.171010240738463
4.183033936660655
4.195057632582848
4.20708132850504
4.219105024427233
4.2311287203494246
4.2431524162716165
4.255176112193809
4.267199808116001
4.279223504038194
4.291247199960386
4.303270895882578
4.315294591804771
4.327318287726963
4.339341983649156
4.351365679571348
4.36338937549354
4.375413071415733
4.387436767337925
4.399460463260118
4.41148415918231
4.423507855104503
4.435531551026695
4.447555246948887
4.4595789428710795
4.4716026387932715
4.483626334715464
4.495650030637656
4.507673726559849
4.519697422482041
4.531721118404233
4.543744814326426
4.555768510248618
4.567792206170811
4.579524967991654
4.591257729812496
4.6029904916333395
4.614723253454182
4.626456015275025
4.638188777095867
4.64992153891671
4.661654300737553
4.673387062558396
4.685119824379239
4.696852586200081
4.708585348020924
4.720318109841767
4.73205087166261
4.743783633483452
4.755516395304295
4.767249157125137
4.778981918945981
4.790714680766824
4.802447442587666
4.814180204408509
4.825912966229351
4.8376457280501945
4.849378489871037
4.86111125169188
4.872844013512722
4.884576775333565
4.8963095371544085
4.908042298975251
4.919775060796094
4.931507822616936
4.943240584437779
4.954973346258622
4.966706108079465
4.978438869900307
4.99017163172115
5.0019043935419925
5.013637155362836
5.025369917183679
5.037102679004521
5.048835440825364
5.060568202646206
5.07230096446705
5.084033726287892
5.095766488108735
5.107499249929577
5.11923201175042
5.130964773571263
5.142697535392106
5.154430297212949
5.166163059033791
5.177895820854634
5.189628582675477
5.20136134449632
5.213094106317162
5.224826868138005
5.2365596299588475
5.248292391779691
5.260025153600534
5.271757915421376
5.283490677242219
5.2952234390630615
5.306956200883905
5.318688962704747
5.33042172452559
5.342154486346432
5.3538872481672755
5.365620009988119
5.377352771808961
5.389085533629804
5.400818295450646
5.400818295450646
5.4126110606668245
5.424403825883002
5.43619659109918
5.447989356315358
5.459782121531536
5.471574886747714
5.483367651963891
5.495160417180069
5.506953182396248
5.518745947612425
5.530538712828603
5.542331478044781
5.554124243260959
5.565917008477137
5.577709773693315
5.589502538909493
5.601295304125671
5.613088069341848
5.624880834558026
5.636673599774205
5.648466364990382
5.66025913020656
5.672051895422738
5.683844660638916
5.695637425855094
5.707430191071271
5.7192229562874495
5.731015721503628
5.742808486719805
5.754601251935983
5.7663940171521615
5.778186782368339
5.789979547584517
5.801772312800695
5.813565078016873
5.825357843233051
5.837150608449228
5.848943373665406
5.860736138881585
5.872528904097762
5.88432166931394
5.896114434530118
5.907907199746296
5.919699964962474
5.931492730178652
5.9432854953948295
5.955078260611008
5.966871025827185
5.978663791043363
5.9904565562595415
6.002249321475719
6.014042086691897
6.025834851908075
6.037627617124253
6.049420382340431
6.061213147556609
6.0730059127727865
6.084798677988965
6.096591443205142
6.10838420842132
6.1201769736374985
6.131969738853676
6.143762504069854
6.155555269286032
6.16734803450221
6.179140799718388
6.190933564934566
6.202726330150743
6.214519095366922
6.226311860583099
6.238104625799277
6.249897391015455
6.249897391015455
6.261690156231634
6.273482921447811
6.285275686663989
6.297068451880167
6.308861217096345
6.320653982312523
6.3324467475287
6.3442395127448785
6.356032277961057
6.367825043177234
6.379617808393412
6.3914105736095905
6.403203338825768
6.414996104041946
6.426788869258124
6.438581634474302
6.45037439969048
6.462167164906657
6.473959930122835
6.485752695339014
6.497545460555191
6.509338225771369
6.5211309909875474
6.532923756203725
6.544716521419903
6.55650928663608
6.568302051852259
6.580094817068437
6.591887582284614
6.603680347500792
6.615473112716971
6.627265877933148
6.639058643149326
6.650851408365504
6.662644173581682
6.67443693879786
6.686229704014037
6.6980224692302155
6.709815234446394
6.721607999662571
6.733400764878749
6.7451935300949275
6.756986295311105
6.768779060527283
6.780571825743461
6.792364590959639
6.804157356175817
6.815950121391994
6.827742886608172
6.839535651824351
6.851328417040528
6.863121182256706
6.874913947472884
6.886706712689062
6.89849947790524
6.910292243121418
6.9220850083375955
6.933877773553774
6.945670538769951
6.957463303986129
6.969256069202308
6.981048834418485
6.992841599634663
7.004634364850841
7.016427130067019
7.028219895283197
7.040012660499375
7.0518054257155525
7.063598190931731
7.075390956147908
7.087183721364086
7.0989764865802645
